Using CSV output.csv
Optimizing select parameters for FK, sel: [0, 2, 3, 4, 6, 7, 8, 9, 10, 11, 12, 13, 14, 15, 16, 18, 19, 20, 22, 23, 28, 29, 30]
Before optimize, avg distance = 0.010916388178173387
Before optimize, max distance =  0.014294123798926316
After optimize, avg distance = 0.0014888001397131243
After optimize, max distance =  0.004893249613255699
[-0.00206070984203802739, 0.00000000000000000000, 0.10214935771604945203, 0.01225473078059401665,
 1.57351669901182389388, 0.00000000000000000000, 0.08261999663777491731, -0.02093436802834319418,
 3.14159461252278537913, 0.32597376478258538457, 0.04507690047547738971, -0.00000028783177055450,
 3.14154631443402099222, 0.32749904933125784101, 0.07130312306213977547, 0.00148693080080850113,
 1.57079496747256208700, 0.00000000000000000000, 0.11425467845679478096, -0.00036789007464090023,
 1.57079620991836543809, 0.00000000000000000000, 0.11538854041186309696, 0.00000274172995033874,
 -0.70699999999999996181, 0.00000000000000000000, 0.00000000000000000000, 0.70699999999999996181,
 0.11980345236366839179, 0.07706233107273240124, 0.02608854041205015822,]
Changes from measured_FK
[-0.00206070984203802739, 0.00000000000000000000, 0.00114935771604944559, 0.01225473078059401665,
 0.00272037221692733588, 0.00000000000000000000, 0.00001999663777491056, -0.02093436802834319418,
 0.00000195893299226313, 0.00047376478258537302, -0.00002309952452261149, -0.00000028783177055450,
 -0.00004633915577212377, 0.00199904933125782946, 0.00000312306213977320, 0.00148693080080850113,
 -0.00000135932233447100, 0.00000000000000000000, -0.00004532154320521786, -0.00036789007464090023,
 -0.00000011687653111991, 0.00000000000000000000, 0.00108854041186309813, 0.00000274172995033874,
 0.00000000000000000000, 0.00000000000000000000, 0.00000000000000000000, 0.00000000000000000000,
 -0.00285454763633161135, -0.00323766892726759514, 0.00108854041205015684,]
