Optimizing select parameters for FK, sel: [0, 2, 3, 4, 6, 7, 8, 9, 10, 11, 12, 13, 14, 15, 16, 18, 19, 20, 22, 23, 28, 29, 30]
Before optimize, avg distance = 0.005029006778083107
Before optimize, max distance =  0.015545622340085885
After optimize, avg distance = 0.0019900054724156673
After optimize, max distance =  0.009572310159717715
[-0.00000452847303763299, 0.00000000000000000000, 0.09733548553913488888, -0.00504328027968394075,
 1.57328913691636662620, 0.00000000000000000000, 0.08255875867815581914, 0.00354772527153443236,
 3.14158674869767029492, 0.32833409613225311707, 0.04512702072955651622, -0.00050641125171762874,
 3.13602573222181568724, 0.32644794670949184301, 0.07113028571325644145, -0.00427983074927896015,
 1.57079632982114292261, 0.00000000000000000000, 0.11427777610318590185, 0.00322000371571766648,
 1.56755540153143635429, 0.00000000000000000000, 0.11405494961070081206, -0.00000475168302866829,
 -0.70699999999999996181, 0.00000000000000000000, 0.00000000000000000000, 0.70699999999999996181,
 0.11955803180975385636, 0.07886884674211469548, 0.02475494962342773136,]
Changes from measured_FK
[-0.00000452847303763299, 0.00000000000000000000, -0.00366451446086511756, -0.00504328027968394075,
 0.00249281012147006820, 0.00000000000000000000, -0.00004124132184418761, 0.00354772527153443236,
 -0.00000590489212282108, 0.00283409613225310553, 0.00002702072955651502, -0.00050641125171762874,
 -0.00556692136797742876, 0.00094794670949183146, -0.00016971428674356082, -0.00427983074927896015,
 0.00000000302624636461, 0.00000000000000000000, -0.00002222389681409698, 0.00322000371571766648,
 -0.00324092526346020371, 0.00000000000000000000, -0.00024505038929918677, -0.00000475168302866829,
 0.00000000000000000000, 0.00000000000000000000, 0.00000000000000000000, 0.00000000000000000000,
 -0.00109996819024615888, -0.00143115325788530090, -0.00024505037657227002,]
