Using CSV data/calibration-dynamic-0621.csv
Filter threshold: 0.015
Removing 1002 out of 11683 datapoints
Optimizing select parameters for FK, sel: [0, 2, 3, 4, 6, 7, 8, 9, 10, 11, 12, 13, 14, 15, 16, 18, 19, 20, 22, 23, 28, 29, 30]
Before optimize, avg distance = 0.010360388373362022
Before optimize, max distance =  0.014999582503511199
After optimize, avg distance = 0.0016976043751243438
After optimize, max distance =  0.004307774664769669
[-0.00046457626085699363, 0.00000000000000000000, 0.10150211960557554980, -0.02190870190122657865,
 1.57079115315484107995, 0.00000000000000000000, 0.08220017515303833233, -0.00889059579215141678,
 3.14304091575809030346, 0.32624426386008442691, 0.04544803470806729057, 0.00499185515808455750,
 3.13525427400942380274, 0.32755018637621818867, 0.07096225119083582333, -0.00677021524394086274,
 1.57079620883963033684, 0.00000000000000000000, 0.11430138826329204471, -0.00040271304424944560,
 1.57054043416849231640, 0.00000000000000000000, 0.11430111140998718000, -0.00000131560317569111,
 -0.70699999999999996181, 0.00000000000000000000, 0.00000000000000000000, 0.70699999999999996181,
 0.11932266562500976059, 0.07968843088402800812, 0.02500111140960649056,]
Changes from measured_FK
[-0.00046457626085699363, 0.00000000000000000000, 0.00050211960557554336, -0.02190870190122657865,
 -0.00000517364005547805, 0.00000000000000000000, -0.00039982484696167442, -0.00889059579215141678,
 0.00144826216829718746, 0.00074426386008441536, 0.00034803470806728937, 0.00499185515808455750,
 -0.00633837958036931326, 0.00205018637621817712, -0.00033774880916417893, -0.00677021524394086274,
 -0.00000011795526622116, 0.00000000000000000000, 0.00000138826329204589, -0.00040271304424944560,
 -0.00025589262640424160, 0.00000000000000000000, 0.00000111140998718118, -0.00000131560317569111,
 0.00000000000000000000, 0.00000000000000000000, 0.00000000000000000000, 0.00000000000000000000,
 -0.00133533437499025465, -0.00061156911597198826, 0.00000111140960648917,]
