Optimizing select parameters for FK, sel: [0, 2, 3, 4, 6, 7, 8, 9, 10, 11, 12, 13, 14, 15, 16, 18, 19, 20, 22, 23, 28, 29, 30]
Before optimize, avg distance = 0.015510622966620115
Before optimize, max distance =  0.04690502747251916
After optimize, avg distance = 0.0013716629236994774
After optimize, max distance =  0.0043540240569461715
[-0.00062923100095409299, 0.00000000000000000000, 0.10101642698018559186, -0.00128517213381733049,
1.57102511834670077739, 0.00000000000000000000, 0.08288280744564634206, -0.06898601134898468823,
 3.13997849342607571188, 0.32733303469018654175, 0.04508628716307218343, -0.03048680830532014829,
 3.14227300104151074933, 0.32465264401378757242, 0.07169005118569615753, -0.00000019890585895217,
 1.56542675533222297446, 0.00000000000000000000, 0.11430237847295057763, -0.00040772491288756512,
 1.56419155154820321840, 0.00000000000000000000, 0.11403519781778653774, 0.00000436707356063733,
 -0.70699999999999996181, 0.00000000000000000000, 0.00000000000000000000, 0.70699999999999996181,
 0.13086872462992604760, 0.07633497142049881778, 0.02473519787338441731,]
Changes from measured_FK
[-0.00062923100095409299, 0.00000000000000000000, 0.00001642698018558542, -0.00128517213381733049,
0.00022879155180421940, 0.00000000000000000000, 0.00028280744564633531, -0.06898601134898468823,
-0.00161416016371740412,0.00183303469018653020, -0.00001371283692781777, -0.03048680830532014829,
 0.00068034745171763333, -0.00084735598621243913, 0.00039005118569615527,-0.00000019890585895217,
 -0.00536957146267358354, 0.00000000000000000000, 0.00000237847295057880, -0.00040772491288756512,
 -0.00660477524669333960,0.00000000000000000000, -0.00026480218221346108, 0.00000436707356063733,
0.00000000000000000000, 0.00000000000000000000, 0.00000000000000000000, 0.00000000000000000000,
-0.00363127537007396084, -0.00396502857950117860,-0.00026480212661558408,]
