Optimizing select parameters for FK, sel: [0, 2, 3, 4, 6, 7, 8, 9, 10, 11, 12, 13, 14, 15, 16, 18, 19, 20, 22, 23, 28, 29, 30]
Before optimize, avg distance = 0.02848155582868532
Before optimize, max distance =  0.06306343470314056
After optimize, avg distance = 0.0013738842706602853
After optimize, max distance =  0.0043182737067973
[-0.00082946313683678681, 0.00000000000000000000, 0.08482495270065749937, -0.00143206674292073043,
1.57079647311815606692, 0.00000000000000000000, 0.08266415859224338081, -0.06915126941052818221,
3.14003509620036602712, 0.32734920712956078193, 0.04448504886820860843, -0.03045485933331880390,
3.14232284488123925215, 0.32470100983613042755, 0.07135030873816088082, -0.00000392078943980052,
1.56588739803920207194, 0.00000000000000000000, 0.11429962087604976506, -0.00000962677933464142,
1.56416013274479248629, 0.00000000000000000000, 0.11405121138529079883, 0.00001174830852192653,
-0.70699999999999996181, 0.00000000000000000000, 0.00000000000000000000, 0.70699999999999996181,
0.13080545846250243858, 0.07630882790680940109, 0.02475121136695175930,]

Changes from measured_FK
[-0.00082946313683678681, 0.00000000000000000000, -0.01617504729934250707,  -0.00143206674292073043,
0.00000014632325950892, 0.00000000000000000000,  0.00006415859224337406, -0.06915126941052818221, 
-0.00155755738942708888,  0.00184920712956077038, -0.00061495113179139277, -0.03045485933331880390,
 0.00073019129144613615, -0.00079899016386958399, 0.00005030873816087855,  -0.00000392078943980052,
-0.00490892875569448606, 0.00000000000000000000,  -0.00000037912395023376, -0.00000962677933464142,
-0.00663619405010407171,  0.00000000000000000000, -0.00024878861470920000, 0.00001174830852192653,
 0.00000000000000000000, 0.00000000000000000000, 0.00000000000000000000,  0.00000000000000000000,
-0.00369454153749756986, -0.00399117209319059529, -0.00024878863304824209,]
