Using CSV data/calibration-dynamic-0624.csv
Filter threshold: 0.015
Removing 43 out of 10537 datapoints
Optimizing select parameters for FK, sel: [0, 2, 3, 4, 6, 7, 8, 9, 10, 11, 12, 13, 14, 15, 16, 18, 19, 20, 22, 23, 28, 29, 30]
Before optimize, avg distance = 0.011289511059723712
Before optimize, max distance =  0.01499477832442386
After optimize, avg distance = 0.0010849378605783569
After optimize, max distance =  0.0027593122076015855
[0.00000197751938338511, 0.00000000000000000000, 0.10146636705958071711, -0.01995108501982497534,
 1.57078973509802510833, 0.00000000000000000000, 0.08232539360652703364, -0.00860234628959506871,
 3.14159663371207376059, 0.32629066314809224147, 0.04552785300369301819, 0.00673997924040529734,
 3.13627271999935741675, 0.32731971536747545004, 0.07100628183517872227, -0.00561447135824789598,
 1.57079775505823837634, 0.00000000000000000000, 0.11402510192401031641, -0.00000001036213024073,
 1.57079909083616686694, 0.00000000000000000000, 0.11373140497245554092, -0.00000118215296507181,
 -0.70699999999999996181, 0.00000000000000000000, 0.00000000000000000000, 0.70699999999999996181,
 0.11942109387735543036, 0.07954729440645284810, 0.02443140499777806188,]
Changes from measured_FK
[0.00000197751938338511, 0.00000000000000000000, 0.00046636705958071067, -0.01995108501982497534,
 -0.00000659169687144967, 0.00000000000000000000, -0.00027460639347297311, -0.00860234628959506871,
 0.00000398012228064459, 0.00079066314809222993, 0.00042785300369301699, 0.00673997924040529734,
 -0.00531993359043569924, 0.00181971536747543849, -0.00029371816482127999, -0.00561447135824789598,
 0.00000142826334181834, 0.00000000000000000000, -0.00027489807598968241, -0.00000001036213024073,
 0.00000276404127030894, 0.00000000000000000000, -0.00056859502754445790, -0.00000118215296507181,
 0.00000000000000000000, 0.00000000000000000000, 0.00000000000000000000, 0.00000000000000000000,
 -0.00123690612264458488, -0.00075270559354714828, -0.00056859500222193951,]
